Performance test: Flat graph
  Nodes | Creation time, ms | Execution time(Avg; St.dev), ms
     32 |            35.000 |           0.021 |   0.144
     64 |             0.000 |           0.042 |   0.289
    128 |             0.000 |           0.000 |   0.000
    256 |             0.000 |           0.271 |   1.067
    512 |             1.000 |           0.354 |   1.120
   1024 |             1.000 |           1.167 |   1.018
   2048 |             8.000 |           2.521 |   1.798
   4096 |            21.000 |           5.083 |   2.517
   8192 |            55.000 |          11.021 |   3.424
Performance test: Linear Graph
  Nodes | Creation time, ms | Exec. time(Avg; St.dev), ms
     32 |             7.000 |           0.021 |   0.144
     64 |             0.000 |           0.000 |   0.000
    128 |             0.000 |           1.000 |   0.000
    256 |             0.000 |           2.000 |   0.000
    512 |             1.000 |           4.146 |   0.618
   1024 |             1.000 |           9.167 |   0.883
   2048 |            20.000 |          19.354 |   2.037
   4096 |            47.000 |          40.333 |   5.373
   8192 |            76.000 |          70.354 |   7.541
Performance test: Prefix sum graph
  Nodes | Creation time, ms | Execution time(Avg; St.dev), ms
     32 |             6.000 |           0.000 |   0.000
     64 |             0.000 |           0.021 |   0.144
    128 |             0.000 |           1.104 |   0.371
    256 |             2.000 |           2.417 |   1.471
    512 |             6.000 |           5.500 |   1.530
   1024 |            38.000 |          18.563 |   5.867
   2048 |            77.000 |          42.438 |   9.482
   4096 |           214.000 |          68.021 |  14.516
   8192 |           558.000 |         114.917 |  25.152
Performance test: Many-dependency prefix graph
  Nodes | Creation time, ms | Execution time(Avg; St.dev), ms
     32 |             0.000 |           0.000 |   0.000
     64 |             1.000 |           0.042 |   0.202
    128 |             7.000 |           1.042 |   0.289
    256 |            23.000 |           6.313 |   4.243
    512 |           120.000 |          16.833 |   3.144
   1024 |           541.000 |          59.833 |  15.114
   2048 |           517.000 |         157.229 |  36.619
   4096 |           833.000 |         593.619 |  84.856
Performance test: Running average graph
  Nodes | Creation time, ms | Execution time(Avg; St.dev), ms
     32 |             0.000 |           0.000 |   0.000
     64 |             0.000 |           0.000 |   0.000
    128 |             0.000 |           0.125 |   0.866
    256 |             1.000 |           1.146 |   1.010
    512 |             3.000 |           2.667 |   2.504
   1024 |            12.000 |           5.833 |   4.478
   2048 |            30.000 |          12.958 |   7.798
   4096 |           101.000 |          28.063 |  14.702
   8192 |           302.000 |          67.125 |  22.770
Performance test: 3-way Cross graph
  Nodes | Creation time, ms | Exec. time(Avg; St.dev), ms
     32 |            12.000 |           0.000 |   0.000
     64 |           203.000 |           0.000 |   0.000
    128 |           432.000 |           0.000 |   0.000
    256 |           165.000 |           0.000 |   0.000
    512 |           673.000 |           0.813 |   5.629
